0.108392
0.677298
0.295174
0.251996
0.398735
0.123191
0.304843
0.274684
0.328106
0.259789
0.205056
0.314124
0.648985
0.238457
0.688071
0.545018
0.219267
0.133992
0.355149
0.433218
0.257785
0.319939
0.706914
0.457714
0.698484
0.27552
0.718033
0.132435
0.410128
0.147207
0.19453
0.296705
0.436415
0.411515
0.293522
0.180994
0.535413
0.420938
0.139803
0.321192
0.218497
0.331346
0.203395
0.643093
0.581096
0.115103
0.371006
0.117048
0.67194
0.382684
0.346334
0.284058
0.632165
0.65669
0.330235
0.183998
0.183146
0.173911
0.192644
0.69271
0.188022
0.216064
0.111554
0.360854
0.53111
0.635919
0.274656
0.448564
0.396583
0.646593
0.320576
0.168139
0.307648
0.541184
0.684343
0.388885
0.234841
0.699105
0.331722
0.289245
0.394029
0.327875
0.263212
0.227363
0.218368
0.130158
0.318845
0.32301
0.299646
0.262316
0.327016
0.173892
0.630698
0.206437
0.232108
0.100763
0.654759
0.168884
0.40716
0.192279
0.583011
0.185547
0.127724
0.118602
0.468883
0.238311
0.182642
0.128848
0.135943
0.342083
0.261637
0.288979
0.580184
0.338548
0.573053
0.125994
0.197093
0.470752
0.374415
0.472647
0.673333
0.0882067
0.712837
0.230647
0.124317
0.453059
0.15318
0.308691
0.207815
0.21168
0.192883
0.3769
0.4131
0.194696
0.199262
0.176145
0.164494
0.289494
0.473721
0.243983
0.382161
0.56843
0.481206
0.32515
0.232206
0.127099
0.336089
0.269217
0.28431
0.281251
0.694578
0.226331
0.170594
0.398006
0.248235
0.170651
0.606584
0.333761
0.319034
0.41075
0.367302
0.245465
0.656019
0.253938
0.284179
0.395096
0.346641
0.206502
0.628781
0.396089
0.159377
0.154366
0.132274
0.197299
0.224783
0.525892
0.495828
0.261966
0.738766
0.646695
0.285484
0.45014
0.661006
0.114069
0.639667
0.357666
0.575467
0.286409
0.376566
0.255558
0.230344
0.286761
0.275954
0.232905
0.295052
0.223641
0.389672
0.389423
0.266715
0.374748
0.333969
0.255517
0.559533
0.639533
0.240787
0.335146
0.301313
0.23905
0.696955
0.156077
0.21561
0.220633
0.282602
0.534065
0.416545
0.424033
0.29273
0.282234
0.665863
0.217368
0.580294
0.261938
0.673176
0.171609
0.612189
0.442978
0.17537
0.28713
0.135962
0.272175
0.295782
0.599166
0.161035
0.115007
0.270024
0.165539
0.300689
0.151219
0.543552
0.661256
0.702786
0.592702
0.381154
0.170148
0.278809
0.257446
0.598597
0.272568
0.40322
0.362975
0.633219
0.184688
0.388992
0.18185
0.215028
0.177623
0.128397
0.170628
0.567145
0.170027
0.249317
0.188346
0.586195
0.384225
0.263984
0.213942
0.328298
0.162926
0.395107
0.143652
0.386535
0.141594
0.645577
0.304242
0.184919
0.468112
0.256396
0.24114
0.266701
0.24225
0.399044
0.241325
0.416103
0.388709
0.375487
0.258268
0.231958
0.340549
0.429931
0.214527
0.264839
0.381577
0.225358
0.351923
0.174709
0.184808
0.519462
0.207937
0.176973
0.170273
0.256697
0.419619
0.351029
0.222776
0.313703
0.596384
0.402541
0.322663
0.383577
0.318869
0.160678
0.219792
0.224498
0.309284
0.641919
0.273812
0.276503
0.288371
0.221902
0.309826
0.151141
0.315498
0.349928
0.294131
0.530529
0.247958
0.724241
0.341193
0.185293
0.327632
0.625544
0.417487
0.252867
0.38689
0.177957
0.342744
0.344529
0.279692
0.23255
0.230737
0.312867
0.157079
0.211402
0.706559
0.298889
0.36213
0.298265
0.454122
0.336518
0.687524
0.730719
0.215344
0.275027
0.316419
0.365588
0.285923
0.620736
0.194176
0.136692
0.335808
0.208097
0.60783
0.637488
0.159353
0.543798
0.352423
0.175354
0.439854
0.633239
0.257974
0.264036
0.671658
0.408398
0.319062
0.517265
0.630729
0.372962
0.340938
0.307953
0.243415
0.129207
0.104534
0.445263
0.358058
0.380696
0.569492
0.214384
0.278279
0.132587
0.294396
0.326833
0.748627
0.370958
0.477993
0.249194
0.645397
0.133575
0.620491
0.17805
0.121214
0.639167
0.281842
0.654995
0.250653
0.31635
0.403834
0.237444
0.398121
0.360996
0.374802
0.293964
0.599014
0.48687
0.199504
0.711279
0.179746
0.174708
0.212766
